material : "ui.font.sdf.rfx" {
	texture : "/font/license_plate/california_0.tobj"
	texture_name : "texture"
	aux[0] : { 256.0, 256.0, 3.440784, 0.000000 }
	aux[1] : { 1.000000, 1.000000, 1.000000, 1.000000 }
	aux[2] : { 0.000000, 0.000000, 0.000000, 1.000000 }
	aux[3] : { 0.000000, 0.0, 0.0, 0.0 }
	aux[4] : { 0.000000, -0.000000, 0.000000, 0.500000}
	aux[5] : { 0.000000, 0.000000, 0.000000, 0.000000 }
	aux[6] : { 1.000000, 0.000000, 0.000000, 0.000000 }
}
